       N       E                     dE             d eps       ncg     rms          rms(c)
DAV:   1     0.119357785478E+03    0.11936E+03   -0.83652E+03 90000   0.384E+02
DAV:   2    -0.556668422205E+01   -0.12492E+03   -0.11820E+03 99040   0.132E+02
DAV:   3    -0.157155294718E+02   -0.10149E+02   -0.98824E+01 98704   0.332E+01
DAV:   4    -0.160182717412E+02   -0.30274E+00   -0.30129E+00104512   0.599E+00
DAV:   5    -0.160259916793E+02   -0.77199E-02   -0.76308E-02119536   0.917E-01
DAV:   6    -0.160262715610E+02   -0.27988E-03   -0.27918E-03115544   0.150E-01
DAV:   7    -0.160262759698E+02   -0.44088E-05   -0.44020E-05109472   0.184E-02
RMM:   8    -0.160262760433E+02   -0.73447E-07   -0.73659E-07 88674   0.273E-03
   1 F= -.17039870E+02 E0= -.17039870E+02  d E =0.000000E+00  mag=     0.0000    -0.0000     2.8255
