       N       E                     dE             d eps       ncg     rms          rms(c)
DAV:   1     0.120720022387E+03    0.12072E+03   -0.82789E+03 22048   0.377E+02
DAV:   2    -0.561638477626E+01   -0.12634E+03   -0.11933E+03 24200   0.132E+02
DAV:   3    -0.157351573393E+02   -0.10119E+02   -0.98418E+01 24584   0.333E+01
DAV:   4    -0.160333129689E+02   -0.29816E+00   -0.29670E+00 26112   0.599E+00
DAV:   5    -0.160407454717E+02   -0.74325E-02   -0.73504E-02 29152   0.906E-01
DAV:   6    -0.160410349783E+02   -0.28951E-03   -0.28897E-03 28512   0.155E-01
DAV:   7    -0.160410411309E+02   -0.61526E-05   -0.61428E-05 27712   0.199E-02
RMM:   8    -0.160410412194E+02   -0.88568E-07   -0.88863E-07 22192   0.284E-03
   1 F= -.17054635E+02 E0= -.17054623E+02  d E =-.473802E-04  mag=     0.0000    -0.0000     2.8255
